nan
nan
nan
nan
nan
nan
nan
nan
nan
nan
nan
nan
nan
nan
nan
nan
nan
nan
nan
nan
nan
nan
nan
nan
nan
nan
nan
nan
nan
nan
nan
nan
nan
nan
nan
nan
nan
nan
nan
nan
nan
nan
nan
nan
nan
nan
nan
nan
nan
nan
nan
nan
nan
nan
nan
nan
nan
nan
nan
nan
nan
nan
nan
nan
nan
nan
nan
nan
nan
nan
nan
nan
nan
nan
nan
nan
nan
nan
nan
nan
nan
nan
nan
nan
0.1791340448
0.1359201223
0.0756251537
0.0622417295
0.0458764665
0.0525827237
0.0410031112
0.0458463470
0.0456755725
0.0401657398
0.0383315454
0.0393775793
0.0326942877
0.0419746475
0.0488442420
0.0556156458
0.0832575359
0.0529660684
0.0571621615
0.0594024981
0.0504536894
0.0440231794
0.0464594487
0.0480270360
0.0765499839
0.0730974442
0.1330540618
0.0673726787
0.0874813175
0.0457404806
0.0480617630
0.0437743211
0.0464771172
0.0535005512
0.0804156379
0.2411881661
0.1492012077
0.1867142419
0.1448656466
0.2817294630
0.3090306022
nan
nan
nan
nan
nan
nan
nan
